# TICKER:AVEREGE_PRICE:NUMBER_OF_SHARES
MILN:19.36:7.18893
ITA:181.90:0.60155
VGT:168.81:0.45826
MGC:86.74:0.47708
CIBR:23.29:0.83654
XLV:83.89:0.18452
AOK:32.90:0.91368
BRK-B:206.17:0.04928
AMZN:1791.20:0.01887
IVV:290.36:0.068888
TSLA:308.31:0.06487
ROBO:40.79:1.72204
